#MAXMODEL ASCII
# model: TDS01_A01_02
filedependancy TDS01_A01_02.max
newmodel TDS01_A01_02
setsupermodel TDS01_A01_02 NULL
classification tile
setanimationscale 1
#MAXGEOM  ASCII
beginmodelgeom TDS01_A01_02
node dummy TDS01_A01_02
  parent NULL
  #part-number 0
endnode
node light TDS01_A01_02ml2
  parent TDS01_A01_02
  #part-number 1
  ambientonly 0
  shadow 0
  isdynamic 0
  affectdynamic 1
  lightpriority 5
  fadingLight 1
  flareradius 0
  position -2.9447999 1.70387995 4.22566986
  orientation 0 0 0 0
  radius 5
  multiplier 1
  color 0.00392156979 0.00392156979 0.00392156979
endnode
node light TDS01_A01_02ml1
  parent TDS01_A01_02
  #part-number 2
  ambientonly 0
  shadow 0
  isdynamic 0
  affectdynamic 1
  lightpriority 5
  fadingLight 1
  flareradius 0
  position 0 0 5
  orientation 0 0 0 0
  radius 10
  multiplier 1
  color 0 0 0
endnode
node trimesh TDSmesh0994
  parent TDS01_A01_02
  #part-number 3
  ambient 1 1 1
  diffuse 1 1 1
  specular 0 0 0
  shininess 26
  bitmap TDS01_crtes01
  verts 8
    0.270000011 -0.109999999 0
    0.109999999 0.25999999 0
    0.109999999 0.25999999 0.600000024
    0.270000011 -0.109999999 0.600000024
    -0.25999999 0.100000001 0
    -0.25999999 0.100000001 0.600000024
    -0.100000001 -0.270000011 0
    -0.100000001 -0.270000011 0.600000024
  tverts 4
    0.5 0 0
    0 0 0
    0 0.5 0
    0.5 0.5 0
  faces 10
    0 1 2 1 0 1 2 3
    0 2 3 1 0 2 3 3
    1 4 5 2 1 0 3 3
    1 5 2 2 1 3 2 3
    4 6 7 1 1 0 3 3
    4 7 5 1 1 3 2 3
    6 0 3 2 1 0 3 3
    6 3 7 2 1 3 2 3
    5 7 3 4 1 0 3 1
    2 5 3 4 2 1 3 1
  position -3.22000003 2.0999999 0
  orientation 0 0 0 0
endnode
node trimesh Cylinder177
  parent TDS01_A01_02
  #part-number 4
  ambient 1 1 1
  diffuse 1 1 1
  specular 0 0 0
  shininess 1
  bitmap TDS01_Npipe1
  verts 24
    0.00999999978 -0.430000007 -0.370000005
    0.140000001 -0.529999971 -0.25999999
    0.00999999978 -0.529999971 -0.289999992
    0.180000007 -0.430000007 -0.319999993
    0.239999995 -0.529999971 -0.159999996
    0.300000012 -0.430000007 -0.200000003
    0.270000011 -0.529999971 -0.0299999993
    0.349999994 -0.430000007 -0.0299999993
    0.239999995 -0.529999971 0.100000001
    0.300000012 -0.430000007 0.140000001
    0.180000007 -0.430000007 0.25999999
    0.140000001 -0.529999971 0.200000003
    0.00999999978 -0.529999971 0.239999995
    0.00999999978 -0.430000007 0.310000002
    -0.119999997 -0.529999971 0.200000003
    -0.159999996 -0.430000007 0.25999999
    -0.219999999 -0.529999971 0.100000001
    -0.280000001 -0.430000007 0.140000001
    -0.25999999 -0.529999971 -0.0299999993
    -0.330000013 -0.430000007 -0.0299999993
    -0.219999999 -0.529999971 -0.159999996
    -0.280000001 -0.430000007 -0.200000003
    -0.119999997 -0.529999971 -0.25999999
    -0.159999996 -0.430000007 -0.319999993
  tverts 26
    3.35249996 0.25514999 0
    3.7249999 0.631588995 0
    3.35249996 0.631588995 0
    3.7249999 0.25514999 0
    4.09749985 0.631588995 0
    4.09749985 0.25514999 0
    4.46999979 0.631588995 0
    4.46999979 0.25514999 0
    -2.66433005e-007 0.25514999 0
    0.372500002 0.631588995 0
    -2.66433005e-007 0.631588995 0
    0.372500002 0.25514999 0
    0.745000005 0.25514999 0
    0.745000005 0.631588995 0
    1.11749995 0.631588995 0
    1.11749995 0.25514999 0
    1.49000001 0.631588995 0
    1.49000001 0.25514999 0
    1.86249995 0.631588995 0
    1.86249995 0.25514999 0
    2.2349999 0.631588995 0
    2.2349999 0.25514999 0
    2.60750008 0.631588995 0
    2.60750008 0.25514999 0
    2.98000002 0.631588995 0
    2.98000002 0.25514999 0
  faces 24
    0 1 2 1 0 1 2 3
    0 3 1 1 0 3 1 3
    3 4 1 1 3 4 1 3
    3 5 4 1 3 5 4 3
    5 6 4 1 5 6 4 3
    5 7 6 1 5 7 6 3
    7 8 6 1 8 9 10 3
    7 9 8 1 8 11 9 3
    9 10 8 1 11 12 9 3
    8 10 11 1 9 12 13 3
    10 12 11 1 12 14 13 3
    10 13 12 1 12 15 14 3
    13 14 12 1 15 16 14 3
    13 15 14 1 15 17 16 3
    15 16 14 1 17 18 16 3
    15 17 16 1 17 19 18 3
    17 18 16 1 19 20 18 3
    17 19 18 1 19 21 20 3
    19 20 18 1 21 22 20 3
    19 21 20 1 21 23 22 3
    21 22 20 1 23 24 22 3
    21 23 22 1 23 25 24 3
    23 2 22 1 25 2 24 3
    23 0 2 1 25 0 2 3
  position -3.18000007 2.95000005 2.0999999
  orientation 0 0 0 0
endnode
node trimesh Plane39
  parent TDS01_A01_02
  #part-number 5
  ambient 1 1 1
  diffuse 1 1 1
  specular 0 0 0
  shininess 1
  shadow 0
  transparencyhint 1
  bitmap TDS01_slundge1
  verts 4
    -0.0700000003 1.26999998 0
    -0.99000001 1.26999998 0
    -0.0700000003 -1.32000005 0
    -0.99000001 -1.32000005 0
  tverts 4
    -0.0445768982 0.735731006 0
    -0.0445769988 0.223423004 0
    0.954424024 0.735731006 0
    0.954424024 0.223423004 0
  faces 2
    0 1 2 1 0 1 2 1
    3 2 1 1 3 2 1 1
  position 3.57999992 -1.21000004 0.00999999978
  orientation 0 0 0 0
  alpha 1
  scale 1
  setfillumcolor 0 0 0
endnode
node trimesh Mesh291
  parent TDS01_A01_02
  #part-number 6
  ambient 1 1 1
  diffuse 1 1 1
  specular 0 0 0
  shininess 1
  bitmap TDS01_pillar3
  verts 6
    -0.0700000003 -0.949999988 0
    1.17999995 -0.949999988 0
    1.17999995 -0.949999988 2
    -0.0700000003 -0.949999988 2
    1.17999995 0.0500000007 0
    1.17999995 0.0500000007 2
  tverts 8
    -0.949999988 0 0
    -0.449999988 0 0
    -0.449999988 0.800000012 0
    -0.949999988 0.800000012 0
    -0.5 0.800000012 0
    -0.5 0 0
    -0.899999976 0 0
    -0.899999976 0.800000012 0
  faces 4
    0 1 2 1 0 1 2 1
    2 3 0 1 2 3 0 1
    2 1 4 2 4 5 6 1
    4 5 2 2 6 7 4 1
  position -3.68000007 3.45000005 0
  orientation 0 0 0 0
endnode
node trimesh Plane45
  parent TDS01_A01_02
  #part-number 7
  ambient 1 1 1
  diffuse 1 1 1
  specular 0 0 0
  shininess 1
  shadow 0
  transparencyhint 1
  bitmap TDS01_slundge2
  verts 4
    -0.99000001 1 0
    -0.99000001 -1 0
    1.00999999 1 0
    1.00999999 -1 0
  tverts 4
    0.0112314997 1.01619995 0
    0.0112314001 0.465404004 0
    0.561488986 1.01619995 0
    0.561488986 0.465404004 0
  faces 2
    0 1 2 1 0 1 2 1
    3 2 1 1 3 2 1 1
  position 1.5 -1.12 0.00999999978
  orientation 0 0 0 0
  alpha 1
  scale 1
  setfillumcolor 0 0 0
endnode
node trimesh Cylinder176
  parent TDS01_A01_02
  #part-number 8
  ambient 1 1 1
  diffuse 1 1 1
  specular 0 0 0
  shininess 1
  bitmap TDS01_Npipe1
  verts 24
    0.00999999978 -0.349999994 0.649999976
    0.140000001 -0.239999995 0.75
    0.00999999978 -0.280000001 0.75
    0.180000007 -0.300000012 0.649999976
    0.239999995 -0.140000001 0.75
    0.300000012 -0.180000007 0.649999976
    0.270000011 -0.00999999978 0.75
    0.349999994 -0.00999999978 0.649999976
    0.239999995 0.119999997 0.75
    0.300000012 0.159999996 0.649999976
    0.180000007 0.280000001 0.649999976
    0.140000001 0.219999999 0.75
    0.00999999978 0.25999999 0.75
    0.00999999978 0.330000013 0.649999976
    -0.119999997 0.219999999 0.75
    -0.159999996 0.280000001 0.649999976
    -0.219999999 0.119999997 0.75
    -0.280000001 0.159999996 0.649999976
    -0.25999999 -0.00999999978 0.75
    -0.330000013 -0.00999999978 0.649999976
    -0.219999999 -0.140000001 0.75
    -0.280000001 -0.180000007 0.649999976
    -0.119999997 -0.239999995 0.75
    -0.159999996 -0.300000012 0.649999976
  tverts 26
    3.35249996 0.25514999 0
    3.7249999 0.631588995 0
    3.35249996 0.631588995 0
    3.7249999 0.25514999 0
    4.09749985 0.631588995 0
    4.09749985 0.25514999 0
    4.46999979 0.631588995 0
    4.46999979 0.25514999 0
    -2.66433005e-007 0.25514999 0
    0.372500002 0.631588995 0
    -2.66433005e-007 0.631588995 0
    0.372500002 0.25514999 0
    0.745000005 0.25514999 0
    0.745000005 0.631588995 0
    1.11749995 0.631588995 0
    1.11749995 0.25514999 0
    1.49000001 0.631588995 0
    1.49000001 0.25514999 0
    1.86249995 0.631588995 0
    1.86249995 0.25514999 0
    2.2349999 0.631588995 0
    2.2349999 0.25514999 0
    2.60750008 0.631588995 0
    2.60750008 0.25514999 0
    2.98000002 0.631588995 0
    2.98000002 0.25514999 0
  faces 24
    0 1 2 1 0 1 2 3
    0 3 1 1 0 3 1 3
    3 4 1 1 3 4 1 3
    3 5 4 1 3 5 4 3
    5 6 4 1 5 6 4 3
    5 7 6 1 5 7 6 3
    7 8 6 1 8 9 10 3
    7 9 8 1 8 11 9 3
    9 10 8 1 11 12 9 3
    8 10 11 1 9 12 13 3
    10 12 11 1 12 14 13 3
    10 13 12 1 12 15 14 3
    13 14 12 1 15 16 14 3
    13 15 14 1 15 17 16 3
    15 16 14 1 17 18 16 3
    15 17 16 1 17 19 18 3
    17 18 16 1 19 20 18 3
    17 19 18 1 19 21 20 3
    19 20 18 1 21 22 20 3
    19 21 20 1 21 23 22 3
    21 22 20 1 23 24 22 3
    21 23 22 1 23 25 24 3
    23 2 22 1 25 2 24 3
    23 0 2 1 25 0 2 3
  position -3.18000007 1.25 -0.660000026
  orientation 0 0 0 0
endnode
node trimesh TDSmesh0995
  parent TDS01_A01_02
  #part-number 9
  ambient 1 1 1
  diffuse 1 1 1
  specular 0 0 0
  shininess 26
  bitmap TDS01_crtes01
  verts 8
    0.239999995 0.150000006 0
    -0.150000006 0.239999995 0
    -0.150000006 0.239999995 0.600000024
    0.239999995 0.150000006 0.600000024
    -0.239999995 -0.150000006 0
    -0.239999995 -0.150000006 0.600000024
    0.150000006 -0.239999995 0
    0.150000006 -0.239999995 0.600000024
  tverts 4
    0.5 0 0
    0 0 0
    0 0.5 0
    0.5 0.5 0
  faces 10
    0 1 2 1 0 1 2 3
    0 2 3 1 0 2 3 3
    1 4 5 2 1 0 3 3
    1 5 2 2 1 3 2 3
    4 6 7 1 1 0 3 3
    4 7 5 1 1 3 2 3
    6 0 3 2 1 0 3 3
    6 3 7 2 1 3 2 3
    5 7 3 4 1 0 3 1
    2 5 3 4 2 1 3 1
  position -3.76999998 1.41999996 0
  orientation 0 0 0 0
endnode
node trimesh TDSmesh0999
  parent TDS01_A01_02
  #part-number 10
  ambient 1 1 1
  diffuse 1 1 1
  specular 0 0 0
  shininess 1
  bitmap TDS01_wall01
  verts 4
    -0.99000001 -1.82000005 -2.11999989
    1.50999999 -1.82000005 -2.11999989
    1.50999999 -1.82000005 -0.119999997
    -0.99000001 -1.82000005 -0.119999997
  tverts 4
    -2.02998996 0.100001 0
    -1.02998996 0.100000001 0
    -1.02998996 0.900000989 0
    -2.02998996 0.900000989 0
  faces 2
    0 1 2 1 0 1 2 1
    2 3 0 1 2 3 0 1
  position -1.50999999 5.32000017 2.11999989
  orientation 0 0 0 0
endnode
node trimesh TDSmesh1000
  parent TDS01_A01_02
  #part-number 11
  ambient 1 1 1
  diffuse 1 1 1
  specular 0 0 0
  shininess 1
  bitmap TDS01_grate01
  verts 6
    -1.34000003 -0.00999999978 0
    -1.34000003 -1.57000005 0
    1.34000003 -0.00999999978 0
    1.34000003 -1.57000005 0
    -1.34000003 1.54999995 0
    1.34000003 1.54999995 0
  tverts 6
    -0.520407975 0.35632199 0
    -0.520407975 -0.50574702 0
    1.18026996 0.35632199 0
    1.18026996 -0.50574702 0
    -0.520407975 1.50574994 0
    1.18026996 1.50574994 0
  faces 4
    0 1 2 1 0 1 2 1
    3 2 1 1 3 2 1 1
    4 0 5 1 4 0 5 1
    2 5 0 1 2 5 0 1
  position -1 -0.74000001 -0.0399999991
  orientation 0 0 0 0
endnode
node trimesh Object189
  parent TDS01_A01_02
  #part-number 12
  ambient 1 1 1
  diffuse 1 1 1
  specular 0 0 0
  shininess 1
  bitmap TDS01_Npipe3
  verts 12
    0.270000011 0.709999979 0.560000002
    0.00999999978 0.439999998 0.560000002
    0.140000001 0.479999989 0.560000002
    0.239999995 0.579999983 0.560000002
    0.239999995 0.839999974 0.560000002
    -0.219999999 0.579999983 0.560000002
    0.140000001 0.939999998 0.560000002
    -0.219999999 0.839999974 0.560000002
    0.00999999978 0.980000019 0.560000002
    -0.119999997 0.939999998 0.560000002
    -0.25999999 0.709999979 0.560000002
    -0.119999997 0.479999989 0.560000002
  tverts 12
    0.5 0.653070986 0
    0.653070986 0.5 0
    0.632562995 0.576534986 0
    0.576534986 0.632562995 0
    0.423465014 0.632562995 0
    0.576534986 0.367437005 0
    0.367437005 0.576534986 0
    0.423465014 0.367437005 0
    0.346929014 0.5 0
    0.367437005 0.423465014 0
    0.5 0.346929014 0
    0.632562995 0.423465014 0
  faces 10
    0 1 2 1 0 1 2 1
    0 2 3 1 0 2 3 1
    4 5 0 1 4 5 0 1
    6 7 4 1 6 7 4 1
    6 8 9 1 6 8 9 1
    6 9 7 1 6 9 7 1
    4 7 10 1 4 7 10 1
    4 10 5 1 4 10 5 1
    0 5 11 1 0 5 11 1
    0 11 1 1 0 11 1 1
  position -3.18000007 0.529999971 -0.469999999
  orientation 0 0 0 0
endnode
node trimesh Mesh335
  parent TDS01_A01_02
  #part-number 13
  ambient 1 1 1
  diffuse 1 1 1
  specular 0 0 0
  shininess 1
  bitmap TDS01_Npipe2
  verts 18
    0.109999999 -0.140000001 -0.529999971
    0 -0.180000007 0.50999999
    0 -0.180000007 -0.529999971
    0.200000003 -0.0599999987 -0.529999971
    0.200000003 -0.0599999987 0.50999999
    0.209999993 0.0299999993 -0.529999971
    0.200000003 0.159999996 -0.529999971
    0.200000003 0.159999996 0.50999999
    0.100000001 0.239999995 -0.529999971
    0 0.270000011 -0.529999971
    0 0.270000011 0.50999999
    -0.109999999 0.239999995 -0.529999971
    -0.189999998 0.159999996 -0.529999971
    -0.189999998 0.159999996 0.50999999
    -0.209999993 0.0500000007 -0.529999971
    -0.189999998 -0.0599999987 -0.529999971
    -0.189999998 -0.0599999987 0.50999999
    -0.0799999982 -0.150000006 -0.529999971
  tverts 20
    0.565249979 -0.0279155001 0
    0.422876 0.706643999 0
    0.422876 -0.0279155001 0
    0.704355001 -0.0279155001 0
    0.704355001 0.706643999 0
    0.821510971 -0.0279156007 0
    0.985644996 -0.0279156994 0
    0.985644996 0.706643999 0
    1.13666999 -0.0279156994 0
    1.26712 -0.0279156994 0
    1.26712 0.706643999 0
    1.40768003 -0.0279156994 0
    1.54898 -0.0279156007 0
    1.54898 0.706643999 0
    0.000433370005 -0.0279155001 0
    -0.141021997 0.706643999 0
    -0.141021997 -0.0279156007 0
    0.141021997 -0.0279155001 0
    0.141021997 0.706643999 0
    0.319077998 -0.0279155001 0
  faces 18
    0 1 2 1 0 1 2 2
    0 3 4 2 0 3 4 2
    5 4 3 1 5 4 3 2
    5 6 7 2 5 6 7 2
    8 7 6 1 8 7 6 2
    8 9 10 2 8 9 10 2
    11 10 9 1 11 10 9 2
    11 12 13 2 11 12 13 2
    14 13 12 1 14 15 16 2
    14 15 16 2 14 17 18 2
    17 16 15 1 19 18 17 2
    17 2 1 2 19 2 1 2
    4 5 7 4 4 5 7 2
    1 0 4 8 1 0 4 2
    16 17 1 4 18 19 1 2
    13 14 16 8 15 14 18 2
    10 11 13 4 10 11 13 2
    7 8 10 8 7 8 10 2
  position -3.17000008 1.20000005 0.579999983
  orientation 0 0 0 0
endnode
node trimesh Object192
  parent TDS01_A01_02
  #part-number 14
  ambient 1 1 1
  diffuse 1 1 1
  specular 0 0 0
  shininess 1
  bitmap TDS01_Npipe3
  verts 12
    -0.239999995 -0.209999993 -0.140000001
    -0.239999995 0.119999997 0.0399999991
    -0.239999995 0.0500000007 -0.0799999982
    -0.239999995 -0.0799999982 -0.140000001
    -0.239999995 -0.330000013 -0.0700000003
    -0.239999995 0.0500000007 0.300000012
    -0.239999995 -0.400000006 0.0500000007
    -0.239999995 -0.209999993 0.379999995
    -0.239999995 -0.400000006 0.189999998
    -0.239999995 -0.330000013 0.310000002
    -0.239999995 -0.0700000003 0.370000005
    -0.239999995 0.119999997 0.180000007
  tverts 12
    0.5 0.653070986 0
    0.653070986 0.5 0
    0.632562995 0.576534986 0
    0.576534986 0.632562995 0
    0.423465014 0.632562995 0
    0.576534986 0.367437005 0
    0.367437005 0.576534986 0
    0.423465014 0.367437005 0
    0.346929014 0.5 0
    0.367437005 0.423465014 0
    0.5 0.346929014 0
    0.632562995 0.423465014 0
  faces 10
    0 1 2 1 0 1 2 1
    0 2 3 1 0 2 3 1
    4 5 0 1 4 5 0 1
    6 7 4 1 6 7 4 1
    6 8 9 1 6 8 9 1
    6 9 7 1 6 9 7 1
    4 7 10 1 4 7 10 1
    4 10 5 1 4 10 5 1
    0 5 11 1 0 5 11 1
    0 11 1 1 0 11 1 1
  position 2.6099999 1.37 0.709999979
  orientation 0 0 0 0
endnode
node trimesh Cylinder178
  parent TDS01_A01_02
  #part-number 15
  ambient 1 1 1
  diffuse 1 1 1
  specular 0 0 0
  shininess 1
  bitmap TDS01_Npipe1
  verts 24
    -0.189999998 0.189999998 0.0199999996
    -0.239999995 0.0500000007 -0.0799999982
    -0.239999995 0.119999997 0.0399999991
    -0.189999998 0.100000001 -0.129999995
    -0.239999995 -0.0799999982 -0.140000001
    -0.189999998 -0.0599999987 -0.209999993
    -0.239999995 -0.209999993 -0.140000001
    -0.189999998 -0.230000004 -0.209999993
    -0.239999995 -0.330000013 -0.0700000003
    -0.189999998 -0.389999986 -0.119999997
    -0.189999998 -0.469999999 0.0299999993
    -0.239999995 -0.400000006 0.0500000007
    -0.239999995 -0.400000006 0.189999998
    -0.189999998 -0.469999999 0.209999993
    -0.239999995 -0.330000013 0.310000002
    -0.189999998 -0.379999995 0.360000014
    -0.239999995 -0.209999993 0.379999995
    -0.189999998 -0.219999999 0.449999988
    -0.239999995 -0.0700000003 0.370000005
    -0.189999998 -0.0500000007 0.439999998
    -0.239999995 0.0500000007 0.300000012
    -0.189999998 0.100000001 0.349999994
    -0.239999995 0.119999997 0.180000007
    -0.189999998 0.189999998 0.200000003
  tverts 26
    3.35249996 0.25514999 0
    3.7249999 0.631588995 0
    3.35249996 0.631588995 0
    3.7249999 0.25514999 0
    4.09749985 0.631588995 0
    4.09749985 0.25514999 0
    4.46999979 0.631588995 0
    4.46999979 0.25514999 0
    -2.66433005e-007 0.25514999 0
    0.372500002 0.631588995 0
    -2.66433005e-007 0.631588995 0
    0.372500002 0.25514999 0
    0.745000005 0.25514999 0
    0.745000005 0.631588995 0
    1.11749995 0.631588995 0
    1.11749995 0.25514999 0
    1.49000001 0.631588995 0
    1.49000001 0.25514999 0
    1.86249995 0.631588995 0
    1.86249995 0.25514999 0
    2.2349999 0.631588995 0
    2.2349999 0.25514999 0
    2.60750008 0.631588995 0
    2.60750008 0.25514999 0
    2.98000002 0.631588995 0
    2.98000002 0.25514999 0
  faces 24
    0 1 2 1 0 1 2 3
    0 3 1 1 0 3 1 3
    3 4 1 1 3 4 1 3
    3 5 4 1 3 5 4 3
    5 6 4 1 5 6 4 3
    5 7 6 1 5 7 6 3
    7 8 6 1 8 9 10 3
    7 9 8 1 8 11 9 3
    9 10 8 1 11 12 9 3
    8 10 11 1 9 12 13 3
    10 12 11 1 12 14 13 3
    10 13 12 1 12 15 14 3
    13 14 12 1 15 16 14 3
    13 15 14 1 15 17 16 3
    15 16 14 1 17 18 16 3
    15 17 16 1 17 19 18 3
    17 18 16 1 19 20 18 3
    17 19 18 1 19 21 20 3
    19 20 18 1 21 22 20 3
    19 21 20 1 21 23 22 3
    21 22 20 1 23 24 22 3
    21 23 22 1 23 25 24 3
    23 2 22 1 25 2 24 3
    23 0 2 1 25 0 2 3
  position 2.6099999 1.37 0.709999979
  orientation 0 0 0 0
endnode
node trimesh TDSmesh0996
  parent TDS01_A01_02
  #part-number 16
  ambient 1 1 1
  diffuse 1 1 1
  specular 0 0 0
  shininess 1
  bitmap TDS01_wall09
  verts 17
    -1.79999995 -0.699999988 -0.280000001
    0.699999988 -0.699999988 -0.280000001
    0.699999988 -0.699999988 0.219999999
    -1.79999995 -0.699999988 0.219999999
    3.20000005 -0.699999988 -0.280000001
    2.70000005 -0.699999988 0.219999999
    3.20000005 -0.699999988 0.219999999
    -3.04999995 -0.699999988 -0.280000001
    -3.04999995 -0.699999988 0.219999999
    4.44999981 0.550000012 -0.280000001
    2.70000005 0.550000012 -0.280000001
    2.70000005 0.550000012 0.219999999
    4.44999981 0.550000012 0.219999999
    -1.79999995 0.550000012 -0.280000001
    -3.04999995 0.550000012 -0.280000001
    -3.04999995 0.550000012 0.219999999
    -1.79999995 0.550000012 0.219999999
  tverts 17
    -0.25 0.567735016 0
    0.75 0.567735016 0
    0.75 0.767735004 0
    -0.25 0.767735004 0
    1.75 0.567735016 0
    1.54999995 0.767735004 0
    1.75 0.767735004 0
    -0.75 0.567735016 0
    -0.75 0.767735004 0
    2 0.590883017 0
    1.5 0.590883017 0
    1.5 0.790883005 0
    2 0.790883005 0
    -0.500001013 0.590883017 0
    -1 0.590883017 0
    -0.999998987 0.790883005 0
    -0.499998987 0.790883005 0
  faces 11
    0 1 2 1 0 1 2 1
    2 3 0 1 2 3 0 1
    1 4 5 1 1 4 5 1
    1 5 2 1 1 5 2 1
    6 5 4 1 6 5 4 1
    7 0 3 1 7 0 3 1
    3 8 7 1 3 8 7 1
    9 10 11 1 9 10 11 1
    11 12 9 1 11 12 9 1
    13 14 15 1 13 14 15 1
    15 16 13 1 15 16 13 1
  position -0.699999988 3.20000005 2.27999997
  orientation 0 0 0 0
endnode
node trimesh Mesh288
  parent TDS01_A01_02
  #part-number 17
  ambient 1 1 1
  diffuse 1 1 1
  specular 0 0 0
  shininess 1
  bitmap TDS01_wall09a
  verts 14
    2.5 -2.5 0
    2.5 -3.75 0
    3.75 -2.5 0
    3.75 -3.75 0
    2 3.75 0
    2.5 2.5 0
    3.75 3.75 0
    3.75 2 0
    -3.75 2.5 0
    -2.5 2.5 0
    -3.75 3.75 0
    -2.5 3.75 0
    2.5 2 0
    2 2.5 0
  tverts 15
    1.5 1.54999995 0
    2 1.54999995 0
    1.5 2.04999995 0
    2 2.04999995 0
    -1 1.54999995 0
    -0.5 1.54999995 0
    -1 2.04999995 0
    -0.5 2.04999995 0
    -0.5 -0.949999988 0
    -0.5 -0.449999988 0
    -1 -0.949999988 0
    -1 -0.449999988 0
    -0.300000012 2.04999995 0
    -0.300000012 1.54999995 0
    -0.5 1.35000002 0
  faces 8
    0 1 2 1 0 1 2 1
    3 2 1 1 3 2 1 1
    4 5 6 1 4 5 6 1
    7 6 5 1 7 6 5 1
    8 9 10 1 8 9 10 1
    11 10 9 1 11 10 9 1
    7 5 12 1 12 5 13 1
    13 5 4 1 14 5 4 1
  position 0 0 2.5
  orientation 0 0 0 0
endnode
node trimesh Object191
  parent TDS01_A01_02
  #part-number 18
  ambient 1 1 1
  diffuse 1 1 1
  specular 0 0 0
  shininess 1
  bitmap TDS01_Npipe2
  verts 18
    2.58999991 0.200000003 -0.0799999982
    -2.95000005 0.0599999987 0.140000001
    -2.95000005 0.219999999 0.300000012
    2.58999991 0.129999995 -0.170000002
    2.58999991 0.0399999991 -0.230000004
    -2.95000005 -0.159999996 0.200000003
    2.58999991 -0.109999999 -0.219999999
    2.58999991 -0.180000007 -0.170000002
    -2.95000005 -0.219999999 0.419999987
    2.58999991 -0.230000004 -0.0599999987
    2.58999991 -0.230000004 0.0500000007
    -2.95000005 -0.0500000007 0.579999983
    2.58999991 -0.180000007 0.129999995
    2.58999991 -0.0700000003 0.200000003
    -2.95000005 0.159999996 0.50999999
    2.58999991 0.0599999987 0.189999998
    2.58999991 0.140000001 0.140000001
    2.58999991 0.200000003 0.0199999996
  tverts 20
    1.54051006 -0.0663323998 0
    1.78323996 4.44101 0
    1.54051006 4.44101 0
    1.66469002 -0.0663323998 0
    1.78323996 -0.0663323998 0
    0.349171013 -0.0663323998 0
    0.580272019 4.44101 0
    0.349171013 4.44101 0
    0.49405399 -0.0663323998 0
    0.580272019 -0.0663323998 0
    0.822996974 4.44101 0
    0.715007007 -0.0663323998 0
    0.822996974 -0.0663323998 0
    1.06597996 4.44101 0
    0.930477977 -0.0663323998 0
    1.06597996 -0.0663323998 0
    1.29753006 4.44101 0
    1.19717002 -0.0663323998 0
    1.29753006 -0.0663323998 0
    1.43059003 -0.0663323998 0
  faces 18
    0 1 2 1 0 1 2 3
    3 4 1 1 3 4 1 3
    4 5 1 1 5 6 7 3
    6 7 5 1 8 9 6 3
    7 8 5 1 9 10 6 3
    9 10 8 1 11 12 10 3
    10 11 8 1 12 13 10 3
    12 13 11 1 14 15 13 3
    13 14 11 1 15 16 13 3
    15 16 14 1 17 18 16 3
    16 2 14 1 18 2 16 3
    17 0 2 1 19 0 2 3
    0 3 1 1 0 3 1 3
    4 6 5 1 5 8 6 3
    7 9 8 1 9 11 10 3
    10 12 11 1 12 14 13 3
    13 15 14 1 15 17 16 3
    16 17 2 1 18 19 2 3
  position -0.219999999 1.24000001 0.829999983
  orientation 0 0 0 0
endnode
node trimesh Loft40
  parent TDS01_A01_02
  #part-number 19
  ambient 1 1 1
  diffuse 1 1 1
  specular 0 0 0
  shininess 1
  bitmap TDS01_Npipe1
  verts 30
    0 -0.560000002 -0.829999983
    0.200000003 -0.439999998 -0.829999983
    0.200000003 -0.439999998 -0.150000006
    0 -0.560000002 -0.100000001
    0.200000003 -0.219999999 -0.829999983
    0.200000003 -0.219999999 -0.25
    0 -0.109999999 -0.829999983
    0 -0.109999999 -0.300000012
    -0.189999998 -0.219999999 -0.829999983
    -0.189999998 -0.219999999 -0.25
    -0.189999998 -0.439999998 -0.829999983
    -0.189999998 -0.439999998 -0.150000006
    0.200000003 -0.00999999978 0.25999999
    0 -0.0500000007 0.370000005
    0.200000003 0.0799999982 0.0299999993
    0 0.119999997 -0.0900000036
    -0.189999998 0.0799999982 0.0299999993
    -0.189999998 -0.00999999978 0.25999999
    0.109999999 0.870000005 0.349999994
    0.200000003 0.870000005 0.25999999
    0 0.870000005 0.370000005
    0.230000004 0.870000005 0.159999996
    0.200000003 0.870000005 0.0299999993
    0.129999995 0.870000005 -0.0500000007
    0 0.870000005 -0.0900000036
    -0.100000001 0.870000005 -0.0700000003
    -0.189999998 0.870000005 0.0299999993
    -0.230000004 0.870000005 0.140000001
    -0.189999998 0.870000005 0.25999999
    -0.129999995 0.870000005 0.340000004
  tverts 34
    0 -0.106762998 0
    0.166666999 -0.106762998 0
    0.166666999 0.514651 0
    0 0.514651 0
    0.333332986 -0.106762998 0
    0.333332986 0.514651 0
    0.5 -0.106762998 0
    0.5 0.514651 0
    0.666666985 -0.106762998 0
    0.666666985 0.514651 0
    0.833333015 -0.106762998 0
    0.833333015 0.514651 0
    1 -0.106762998 0
    1 0.514651 0
    0.166666999 0.951534986 0
    0 0.951534986 0
    0.333332986 0.951534986 0
    0.5 0.951534986 0
    0.666666985 0.951534986 0
    0.833333015 0.951534986 0
    1 0.951534986 0
    0.0795454979 1.50506997 0
    0.166666999 1.50506997 0
    0 1.50506997 0
    0.238231003 1.50506997 0
    0.333332986 1.50506997 0
    0.409704 1.50506997 0
    0.5 1.50506997 0
    0.571736991 1.50506997 0
    0.666666985 1.50506997 0
    0.744866014 1.50506997 0
    0.833333015 1.50506997 0
    0.905960023 1.50506997 0
    1 1.50506997 0
  faces 42
    0 1 2 1 0 1 2 3
    2 3 0 1 2 3 0 3
    1 4 5 1 1 4 5 3
    5 2 1 1 5 2 1 3
    4 6 7 1 4 6 7 3
    7 5 4 1 7 5 4 3
    6 8 9 1 6 8 9 3
    9 7 6 1 9 7 6 3
    8 10 11 1 8 10 11 3
    11 9 8 1 11 9 8 3
    10 0 3 1 10 12 13 3
    3 11 10 1 13 11 10 3
    3 2 12 1 3 2 14 3
    12 13 3 1 14 15 3 3
    2 5 14 1 2 5 16 3
    14 12 2 1 16 14 2 3
    5 7 15 1 5 7 17 3
    15 14 5 1 17 16 5 3
    7 9 16 1 7 9 18 3
    16 15 7 1 18 17 7 3
    9 11 17 1 9 11 19 3
    17 16 9 1 19 18 9 3
    11 3 13 1 11 13 20 3
    13 17 11 1 20 19 11 3
    18 12 19 1 21 14 22 3
    18 20 13 1 21 23 15 3
    21 14 22 1 24 16 25 3
    21 19 12 1 24 22 14 3
    23 15 24 1 26 17 27 3
    23 22 14 1 26 25 16 3
    25 16 26 1 28 18 29 3
    25 24 15 1 28 27 17 3
    27 17 28 1 30 19 31 3
    27 26 16 1 30 29 18 3
    29 13 20 1 32 20 33 3
    29 28 17 1 32 31 19 3
    12 18 13 1 14 21 15 3
    14 21 12 1 16 24 14 3
    15 23 14 1 17 26 16 3
    16 25 15 1 18 28 17 3
    17 27 16 1 19 30 18 3
    13 29 17 1 20 32 19 3
  position -3.17000008 1.58000004 1.91999996
  orientation 0 0 0 0
endnode
node trimesh Object190
  parent TDS01_A01_02
  #part-number 20
  ambient 1 1 1
  diffuse 1 1 1
  specular 0 0 0
  shininess 1
  bitmap TDS01_Npipe3
  verts 12
    0.270000011 -0.569999993 0.709999979
    0.00999999978 -0.569999993 0.449999988
    0.140000001 -0.569999993 0.479999989
    0.239999995 -0.569999993 0.579999983
    0.239999995 -0.569999993 0.839999974
    -0.219999999 -0.569999993 0.579999983
    0.140000001 -0.569999993 0.939999998
    -0.219999999 -0.569999993 0.839999974
    0.00999999978 -0.569999993 0.980000019
    -0.119999997 -0.569999993 0.939999998
    -0.25999999 -0.569999993 0.709999979
    -0.119999997 -0.569999993 0.479999989
  tverts 12
    0.5 0.653070986 0
    0.653070986 0.5 0
    0.632562995 0.576534986 0
    0.576534986 0.632562995 0
    0.423465014 0.632562995 0
    0.576534986 0.367437005 0
    0.367437005 0.576534986 0
    0.423465014 0.367437005 0
    0.346929014 0.5 0
    0.367437005 0.423465014 0
    0.5 0.346929014 0
    0.632562995 0.423465014 0
  faces 10
    0 1 2 1 0 1 2 1
    0 2 3 1 0 2 3 1
    4 5 0 1 4 5 0 1
    6 7 4 1 6 7 4 1
    6 8 9 1 6 8 9 1
    6 9 7 1 6 9 7 1
    4 7 10 1 4 7 10 1
    4 10 5 1 4 10 5 1
    0 5 11 1 0 5 11 1
    0 11 1 1 0 11 1 1
  position -3.18000007 2.99000001 1.36000001
  orientation 0 0 0 0
endnode
node trimesh TDSmesh1008
  parent TDS01_A01_02
  #part-number 21
  ambient 1 1 1
  diffuse 1 1 1
  specular 0 0 0
  shininess 1
  bitmap TDS01_pillar01
  verts 16
    -0.620000005 1.12 0.839999974
    -0.620000005 -1.13 0.839999974
    0.629999995 1.12 0.839999974
    0.629999995 -1.13 0.839999974
    0.629999995 -0.629999995 -2.16000009
    0.629999995 -0.129999995 -2.16000009
    0.629999995 -0.129999995 -0.159999996
    0.629999995 -0.629999995 -0.159999996
    -0.620000005 -0.629999995 -2.16000009
    -0.620000005 -0.629999995 -0.159999996
    0.629999995 -0.129999995 0.340000004
    0.629999995 -1.13 0.340000004
    -0.620000005 -1.13 0.340000004
    0.629999995 1.12 0.340000004
    0.629999995 1.12 -0.159999996
    -0.620000005 1.12 -0.159999996
  tverts 21
    -2.38419005e-007 -0.5 0
    -4.76836988e-007 -1.39999998 0
    0.5 -0.5 0
    0.5 -1.39999998 0
    -1.20000005 -12 0
    -1 -12 0
    -1 -11.1999998 0
    -1.20000005 -11.1999998 0
    -2.26497991e-006 -12 0
    0.499998003 -12 0
    0.499998003 -11.1999998 0
    -2.14576994e-006 -11.1999998 0
    -1 -11 0
    -1.39999998 -11 0
    0.499998003 -11 0
    -2.08616007e-006 -11 0
    -1.39999998 -10.8000002 0
    0.499998003 -10.8000002 0
    -2.08616007e-006 -10.8000002 0
    -0.50000298 -11 0
    -0.50000298 -10.8000002 0
  faces 18
    0 1 2 1 0 1 2 1
    3 2 1 1 3 2 1 1
    4 5 6 2 4 5 6 2
    6 7 4 2 6 7 4 2
    8 4 7 1 8 9 10 1
    7 9 8 1 10 11 8 1
    7 6 10 2 7 6 12 2
    10 11 7 2 12 13 7 2
    9 7 11 4 11 10 14 1
    11 12 9 4 14 15 11 1
    11 10 3 2 13 12 16 2
    12 11 3 8 15 14 17 1
    3 1 12 8 17 18 15 1
    0 2 13 4 18 17 14 1
    10 13 2 2 12 19 20 2
    2 3 10 2 20 16 12 2
    14 15 0 4 10 11 18 1
    0 13 14 4 18 14 10 1
  position -4.38000011 2.63000011 2.16000009
  orientation 0 0 0 0
endnode
node trimesh Object364
  parent TDS01_A01_02
  #part-number 22
  ambient 1 1 1
  diffuse 1 1 1
  specular 0 0 0
  shininess 1
  bitmap TDS01_wall01
  verts 4
    -1.26999998 1.39999998 -0.610000014
    -1.26999998 -1.10000002 -0.610000014
    -1.26999998 -1.10000002 1.38999999
    -1.26999998 1.39999998 1.38999999
  tverts 4
    0 0.100000001 0
    1 0.100000001 0
    1 0.899999976 0
    0 0.899999976 0
  faces 2
    0 1 2 1 0 1 2 2
    2 3 0 1 2 3 0 2
  position 4.76999998 -1.39999998 0.610000014
  orientation 0 0 0 0
endnode
node trimesh TDSmesh1009
  parent TDS01_A01_02
  #part-number 23
  ambient 1 1 1
  diffuse 1 1 1
  specular 0 0 0
  shininess 1
  bitmap TDS01_wall08
  verts 21
    -2.29999995 0.360000014 0.930000007
    -2.29999995 -0.49000001 0.930000007
    0 0.360000014 0.930000007
    0 -0.49000001 0.930000007
    1.79999995 0.360000014 0.930000007
    1.79999995 -0.49000001 0.930000007
    0 0.560000002 -0.0700000003
    -2.5 0.560000002 -0.0700000003
    -2.5 0.560000002 0.430000007
    0 0.560000002 0.430000007
    2 0.560000002 -0.0700000003
    2 0.560000002 0.430000007
    -2.5 -0.689999998 -0.0700000003
    -2.5 -0.689999998 0.430000007
    0 -0.689999998 -0.0700000003
    0 -0.689999998 0.430000007
    2 -0.689999998 -0.0700000003
    2 -0.689999998 0.430000007
    0 0.560000002 -0.569999993
    -2.5 0.560000002 -0.569999993
    2 0.560000002 -0.569999993
  tverts 26
    1.82556999 -0.272680014 0
    1.82556999 -0.00705497991 0
    0.905571997 -0.272680014 0
    0.905571997 -0.00705487002 0
    0.185571998 -0.272680014 0
    0.185571998 -0.00705480995 0
    0.75 0.574126005 0
    1.75 0.574126005 0
    1.75 0.774125993 0
    0.75 0.774125993 0
    -0.0499999002 0.574126005 0
    -0.0499997996 0.774127007 0
    -0.75 0.574127018 0
    -0.25 0.574127018 0
    -0.25 0.774127007 0
    -0.75 0.774127007 0
    -0.0499999002 0.574127018 0
    -0.330000013 0.974126995 0
    -0.670000017 0.974126995 0
    1.66999996 0.974125981 0
    0.75 0.974125981 0
    0.0300002005 0.974125981 0
    0.0300002005 0.974126995 0
    0.75 0.374125987 0
    1.75 0.374125987 0
    -0.0500000007 0.374125987 0
  faces 32
    0 1 2 1 0 1 2 1
    3 2 1 1 3 2 1 1
    2 3 4 1 2 3 4 1
    5 4 3 1 5 4 3 1
    6 7 8 1 6 7 8 2
    8 9 6 1 8 9 6 2
    10 6 9 1 10 6 9 2
    9 11 10 1 9 11 10 2
    7 12 13 2 12 13 14 1
    13 8 7 2 14 15 12 1
    12 14 15 1 7 6 9 2
    15 13 12 1 9 8 7 2
    16 10 11 2 13 12 15 1
    11 17 16 2 15 14 13 1
    14 16 17 1 6 16 11 2
    17 15 14 1 11 9 6 2
    8 13 1 4 15 14 17 1
    1 0 8 4 17 18 15 1
    9 8 0 8 9 8 19 2
    0 2 9 8 19 20 9 2
    13 15 3 8 8 9 20 2
    3 1 13 8 20 19 8 2
    11 9 2 8 11 9 20 2
    2 4 11 8 20 21 11 2
    17 11 4 4 14 15 18 1
    4 5 17 4 18 17 14 1
    15 17 5 8 9 11 22 2
    5 3 15 8 22 20 9 2
    18 19 7 1 23 24 7 2
    7 6 18 1 7 6 23 2
    20 18 6 1 25 23 6 2
    6 10 20 1 6 10 25 2
  position 0 3.19000006 2.56999993
  orientation 0 0 0 0
endnode
node trimesh Object360
  parent TDS01_A01_02
  #part-number 24
  ambient 1 1 1
  diffuse 1 1 1
  specular 0 0 0
  shininess 1
  bitmap TDS01_pillar3
  verts 6
    -0.870000005 -0.550000012 -1.13
    1.63 -0.550000012 -1.13
    1.63 -0.550000012 0.870000005
    -0.870000005 -0.550000012 0.870000005
    -0.870000005 0.449999988 0.870000005
    -0.870000005 0.449999988 -1.13
  tverts 8
    0.550000012 0 0
    1.35000002 0 0
    1.35000002 0.800000012 0
    0.550000012 0.800000012 0
    -0.5 0 0
    -0.5 0.800000012 0
    -0.899999976 0.800000012 0
    -0.899999976 0 0
  faces 4
    0 1 2 1 0 1 2 1
    2 3 0 1 2 3 0 1
    0 3 4 2 4 5 6 1
    4 5 0 2 6 7 4 1
  position 0.870000005 3.04999995 1.13
  orientation 0 0 0 0
endnode
node trimesh Object361
  parent TDS01_A01_02
  #part-number 25
  ambient 1 1 1
  diffuse 1 1 1
  specular 0 0 0
  shininess 1
  bitmap TDS01_pillar3
  verts 6
    -1.14999998 1.46000004 -0.689999998
    -1.14999998 0.209999993 -0.689999998
    -1.14999998 0.209999993 1.30999994
    -1.14999998 1.46000004 1.30999994
    -0.150000006 1.46000004 1.30999994
    -0.150000006 1.46000004 -0.689999998
  tverts 8
    1.5 0 0
    2 0 0
    2 0.800000012 0
    1.5 0.800000012 0
    1.54999995 0 0
    1.54999995 0.800000012 0
    1.95000005 0.800000012 0
    1.95000005 0 0
  faces 4
    0 1 2 1 0 1 2 1
    2 3 0 1 2 3 0 1
    0 3 4 2 4 5 6 1
    4 5 0 2 6 7 4 1
  position 3.6500001 -3.96000004 0.689999998
  orientation 0 0 0 0
endnode
node trimesh Object362
  parent TDS01_A01_02
  #part-number 26
  ambient 1 1 1
  diffuse 1 1 1
  specular 0 0 0
  shininess 1
  bitmap TDS01_wall08
  verts 21
    -0.579999983 0.310000002 0.930000007
    -0.579999983 -1.99000001 0.930000007
    0.270000011 0.310000002 0.930000007
    0.270000011 -1.99000001 0.930000007
    0.270000011 2.1099999 0.930000007
    -0.579999983 2.1099999 0.930000007
    -0.779999971 -2.19000006 -0.0700000003
    0.469999999 -2.19000006 -0.0700000003
    0.469999999 -2.19000006 0.430000007
    -0.779999971 -2.19000006 0.430000007
    -0.779999971 0.310000002 -0.0700000003
    -0.779999971 0.310000002 0.430000007
    0.469999999 0.310000002 -0.0700000003
    0.469999999 0.310000002 0.430000007
    0.469999999 2.30999994 -0.0700000003
    0.469999999 2.30999994 0.430000007
    -0.779999971 2.30999994 -0.0700000003
    -0.779999971 2.30999994 0.430000007
    0.469999999 -2.19000006 -0.569999993
    0.469999999 0.310000002 -0.569999993
    0.469999999 2.30999994 -0.569999993
  tverts 24
    0.250001013 -0.0268968008 0
    -0.669999003 -0.0268967003 0
    0.250001013 -0.292522013 0
    -0.669999003 -0.292522013 0
    0.970000982 -0.292522013 0
    0.970000982 -0.0268968996 0
    -0.25 0.574127018 0
    -0.75 0.574127018 0
    -0.75 0.774127007 0
    -0.25 0.774127007 0
    0.75 0.574126005 0
    1.75 0.574126005 0
    1.75 0.774125993 0
    0.75 0.774125993 0
    -0.0500000007 0.574127018 0
    -0.0500000007 0.774127007 0
    1.66999996 0.974125981 0
    0.75 0.974125981 0
    -0.670000017 0.974126995 0
    -0.330000013 0.974126995 0
    0.0300000999 0.974126995 0
    1.75 0.374125987 0
    0.75 0.374125987 0
    -0.0500001013 0.374127001 0
  faces 32
    0 1 2 1 0 1 2 1
    3 2 1 1 3 2 1 1
    2 4 0 1 2 4 0 1
    5 0 4 1 5 0 4 1
    6 7 8 1 6 7 8 2
    8 9 6 1 8 9 6 2
    10 6 9 2 10 11 12 1
    9 11 10 2 12 13 10 1
    7 12 13 2 11 10 13 1
    13 8 7 2 13 12 11 1
    12 14 15 2 10 14 15 1
    15 13 12 2 15 13 10 1
    16 10 11 2 14 10 13 1
    11 17 16 2 13 15 14 1
    14 16 17 1 7 6 9 2
    17 15 14 1 9 8 7 2
    11 9 1 4 13 12 16 1
    1 0 11 4 16 17 13 1
    8 13 2 4 12 13 17 1
    2 3 8 4 17 16 12 1
    9 8 3 8 9 8 18 2
    3 1 9 8 18 19 9 2
    13 15 4 4 13 15 20 1
    4 2 13 4 20 17 13 1
    17 11 0 4 15 13 17 1
    0 5 17 4 17 20 15 1
    15 17 5 8 8 9 19 2
    5 4 15 8 19 18 8 2
    18 19 12 2 21 22 10 1
    12 7 18 2 10 11 21 1
    19 20 14 2 22 23 14 1
    14 12 19 2 14 10 22 1
  position 3.27999997 -0.310000002 2.56999993
  orientation 0 0 0 0
endnode
node trimesh Object363
  parent TDS01_A01_02
  #part-number 27
  ambient 1 1 1
  diffuse 1 1 1
  specular 0 0 0
  shininess 1
  bitmap TDS01_wall09
  verts 17
    -0.550000012 -2.5 0.0799999982
    -0.550000012 -3.75 0.0799999982
    -0.550000012 -3.75 0.579999983
    -0.550000012 -2.5 0.579999983
    -0.550000012 0 0.0799999982
    -0.550000012 0 0.579999983
    -0.550000012 2 0.579999983
    -0.550000012 2.5 0.579999983
    -0.550000012 2.5 0.0799999982
    0.699999988 -3.75 0.0799999982
    0.699999988 -2.5 0.0799999982
    0.699999988 -2.5 0.579999983
    0.699999988 -3.75 0.579999983
    0.699999988 2 0.0799999982
    0.699999988 3.75 0.0799999982
    0.699999988 3.75 0.579999983
    0.699999988 2 0.579999983
  tverts 17
    1.25 0.525766015 0
    1.75 0.525766015 0
    1.75 0.725766003 0
    1.25 0.725766003 0
    0.25 0.525766015 0
    0.25 0.725766003 0
    -0.550000012 0.725766003 0
    -0.75 0.725766003 0
    -0.75 0.525766015 0
    2 0.590883017 0
    1.5 0.590883017 0
    1.5 0.790883005 0
    2 0.790883005 0
    -0.5 0.590883017 0
    -1 0.590883017 0
    -1 0.790883005 0
    -0.5 0.790883005 0
  faces 11
    0 1 2 1 0 1 2 1
    2 3 0 1 2 3 0 1
    4 0 3 1 4 0 3 1
    3 5 4 1 3 5 4 1
    6 7 8 1 6 7 8 1
    8 4 5 1 8 4 5 1
    5 6 8 1 5 6 8 1
    9 10 11 1 9 10 11 1
    11 12 9 1 11 12 9 1
    13 14 15 1 13 14 15 1
    15 16 13 1 15 16 13 1
  position 3.04999995 0 1.91999996
  orientation 0 0 0 0
endnode
node trimesh Object365
  parent TDS01_A01_02
  #part-number 28
  ambient 1 1 1
  diffuse 1 1 1
  specular 0 0 0
  shininess 1
  bitmap TDS01_pillar3
  verts 6
    -0.850000024 1.25 -1.13
    -0.850000024 -1.25 -1.13
    -0.850000024 -1.25 0.870000005
    -0.850000024 1.25 0.870000005
    0.150000006 -1.25 -1.13
    0.150000006 -1.25 0.870000005
  tverts 8
    -0.300000012 0 0
    0.5 0 0
    0.5 0.800000012 0
    -0.300000012 0.800000012 0
    1.54999995 0.800000012 0
    1.54999995 0 0
    1.95000005 0 0
    1.95000005 0.800000012 0
  faces 4
    0 1 2 1 0 1 2 1
    2 3 0 1 2 3 0 1
    2 1 4 2 4 5 6 1
    4 5 2 2 6 7 4 1
  position 3.3499999 1.25 1.13
  orientation 0 0 0 0
endnode
node trimesh Plane41
  parent TDS01_A01_02
  #part-number 29
  ambient 1 1 1
  diffuse 1 1 1
  specular 0 0 0
  shininess 1
  shadow 0
  transparencyhint 1
  bitmap TDS01_slundge2
  verts 4
    -0.99000001 0.99000001 0
    -0.99000001 -1.00999999 0
    1.00999999 0.99000001 0
    1.00999999 -1.00999999 0
  tverts 4
    0.0112314997 1.01619995 0
    0.0112314001 0.465404004 0
    0.561488986 1.01619995 0
    0.561488986 0.465404004 0
  faces 2
    0 1 2 1 0 1 2 1
    3 2 1 1 3 2 1 1
  position -3.45000005 1.07000005 0.00999999978
  orientation 0 0 0 0
  alpha 1
  scale 1
  setfillumcolor 0 0 0
endnode
node trimesh Plane38
  parent TDS01_A01_02
  #part-number 30
  ambient 1 1 1
  diffuse 1 1 1
  specular 0 0 0
  shininess 1
  shadow 0
  transparencyhint 1
  bitmap TDS01_slundge1
  verts 4
    -1 -0.0700000003 0
    -1 -1 0
    1 -0.0700000003 0
    1 -1 0
  tverts 4
    -0.0445768982 0.735731006 0
    -0.0445769988 0.223423004 0
    0.954424024 0.735731006 0
    0.954424024 0.223423004 0
  faces 2
    0 1 2 1 0 1 2 1
    3 2 1 1 3 2 1 1
  position 1.09000003 2.57999992 0.00999999978
  orientation 0 0 0 0
  alpha 1
  scale 1
  setfillumcolor 0 0 0
endnode
node trimesh Object358
  parent TDS01_A01_02
  #part-number 31
  ambient 1 1 1
  diffuse 1 1 1
  specular 0 0 0
  shininess 1
  bitmap TDS01_pillar01
  verts 16
    -1.12 0.620000005 0.839999974
    -1.12 -0.629999995 0.839999974
    1.13 0.620000005 0.839999974
    1.13 -0.629999995 0.839999974
    -0.620000005 0.620000005 -2.16000009
    -0.620000005 -0.629999995 -2.16000009
    -0.620000005 -0.629999995 -0.159999996
    -0.620000005 0.620000005 -0.159999996
    -0.119999997 0.620000005 -2.16000009
    -0.119999997 0.620000005 -0.159999996
    -1.12 -0.629999995 0.340000004
    -1.12 0.620000005 0.340000004
    -0.119999997 0.620000005 0.340000004
    1.13 0.620000005 0.340000004
    1.13 -0.629999995 -0.159999996
    1.13 0.620000005 -0.159999996
  tverts 21
    2.5999999 -3.5 0
    2.5999999 -4 0
    3.5 -3.5 0
    3.5 -4 0
    -3.5 -12 0
    -4 -12 0
    -4 -11.1999998 0
    -3.5 -11.1999998 0
    3 -12 0
    2.79999995 -12 0
    2.79999995 -11.1999998 0
    3 -11.1999998 0
    -4 -11 0
    -3.5 -11 0
    2.5999999 -11 0
    3 -11 0
    3.5 -11 0
    2.5999999 -10.8000002 0
    3.5 -10.8000002 0
    -4 -10.8000002 0
    -3.5 -10.8000002 0
  faces 18
    0 1 2 1 0 1 2 1
    3 2 1 1 3 2 1 1
    4 5 6 1 4 5 6 2
    6 7 4 1 6 7 4 2
    8 4 7 2 8 9 10 1
    7 9 8 2 10 11 8 1
    7 6 10 4 7 6 12 2
    10 11 7 4 12 13 7 2
    9 7 11 2 11 10 14 1
    11 12 9 2 14 15 11 1
    13 12 0 2 16 15 17 1
    0 2 13 2 17 18 16 1
    3 13 2 4 19 13 20 2
    11 10 1 8 13 12 19 2
    1 0 11 8 19 20 13 2
    12 11 0 2 15 14 17 1
    14 15 13 4 6 7 13 2
    13 3 14 4 13 19 6 2
  position 2.61999989 -4.36999989 2.16000009
  orientation 0 0 0 0
endnode
node trimesh TDSmesh1334
  parent TDS01_A01_02
  #part-number 32
  ambient 0 0 0
  diffuse 0 0 0
  specular 0 0 0
  shininess 1
  bitmap TDS01_black
  verts 14
    -3.75 3.75 0
    -5 5 0
    -5 3.75 0
    -2.5 3.75 0
    5 5 0
    0 3.75 0
    2 3.75 0
    3.75 3.75 0
    3.75 -5 0
    5 -5 0
    3.75 -3.75 0
    3.75 -2.5 0
    3.75 0 0
    3.75 2 0
  tverts 18
    1 0 0
    1.5 0.5 0
    0.5 1.49011996e-007 0
    1.5 -1.19208998e-007 0
    2.5 0.5 0
    2.5 -3.57628011e-007 0
    3.29999995 -5.36441974e-007 0
    3.5 0.499998987 0
    4 -7.15256022e-007 0
    4 -3.5 0
    4.5 -3.5 0
    4 -3 0
    4 -2.5 0
    4.5 -2.5 0
    4 -1.5 0
    4.5 -1.5 0
    4 -0.700001001 0
    4.5 -0.500001013 0
  faces 12
    0 1 2 1 0 1 2 1
    1 3 4 1 1 3 4 1
    5 4 3 1 5 4 3 1
    6 4 5 1 6 7 5 1
    7 4 6 1 8 7 6 1
    8 9 10 1 9 10 11 1
    11 9 12 1 12 13 14 1
    4 12 9 1 15 14 13 1
    4 13 12 1 15 16 14 1
    13 4 7 1 16 17 8 1
    11 10 9 1 12 11 13 1
    0 3 1 1 0 3 1 1
  position 0 0 2
  orientation 0 0 0 0
endnode
node trimesh Mesh107
  parent TDS01_A01_02
  #part-number 33
  ambient 1 1 1
  diffuse 1 1 1
  specular 0 0 0
  shininess 1
  shadow 0
  rotatetexture 1
  bitmap TDS01_floor01
  verts 12
    -1.5 -1.75 11.6099997
    1.5 -1.75 11.6099997
    1.34000003 -1.55999994 11.5699997
    -1.34000003 -1.55999994 11.5699997
    -1.5 0.00999999978 11.6099997
    -1.34000003 0 11.5699997
    1.5 0.00999999978 11.6099997
    1.34000003 0 11.5699997
    1.5 1.75 11.6099997
    -1.5 1.75 11.6099997
    -1.34000003 1.55999994 11.5699997
    1.34000003 1.55999994 11.5699997
  tverts 12
    0.5 -1.5 0
    1.10000002 -1.5 0
    1.06786001 -1.46246004 0
    0.532141984 -1.46246004 0
    0.5 -1.14899004 0
    0.532141984 -1.14906001 0
    1.10000002 -1.14899004 0
    1.06786001 -1.14906001 0
    1.10000002 -0.800000012 0
    0.5 -0.800000012 0
    0.532142997 -0.837463975 0
    1.06786001 -0.837463975 0
  faces 12
    0 1 2 1 0 1 2 1
    2 3 0 1 2 3 0 1
    4 0 3 2 4 0 3 1
    3 5 4 2 3 5 4 1
    1 6 7 2 1 6 7 1
    7 2 1 2 7 2 1 1
    8 9 10 1 8 9 10 1
    10 11 8 1 10 11 8 1
    6 8 11 2 6 8 11 1
    11 7 6 2 11 7 6 1
    9 4 5 2 9 4 5 1
    5 10 9 2 5 10 9 1
  position -1 -0.75 -11.6099997
  orientation 0 0 0 0
  alpha 1
  scale 1
  setfillumcolor 0 0 0
endnode
node trimesh TDSmesh1006
  parent TDS01_A01_02
  #part-number 34
  ambient 1 1 1
  diffuse 1 1 1
  specular 0 0 0
  shininess 1
  shadow 0
  rotatetexture 1
  bitmap TDS01_floor01
  verts 26
    -4.25 -1.75 0
    -4.25 -4.25 0
    -1.75 -1.75 0
    -1.75 -4.25 0
    1.25 -1.75 0
    0.75 -4.25 0
    2.75 -4.25 0
    2.75 -3 0
    -4.25 0.75 0
    -1.75 0.00999999978 0
    -1.75 3.25 0
    -1.75 1.75 0
    0.75 3.25 0
    1.25 1.75 0
    3.25 3.25 0
    3.25 -1.75 0
    1.25 0.00999999978 0
    3.25 0.75 0
    -3 2.75 0
    -4.25 2.75 0
    3.25 -3 0
    -3 3.25 0
    0.75 4.25 0
    -1.75 4.25 0
    4.25 -1.75 0
    4.25 0.75 0
  tverts 26
    -4.76836988e-007 -1.5 0
    -5.96045993e-007 -2 0
    0.5 -1.5 0
    0.499998987 -2 0
    1.10000002 -1.5 0
    0.999998987 -2 0
    1.39999998 -2 0
    1.39999998 -1.75 0
    -3.57628011e-007 -1 0
    0.5 -1.14899004 0
    0.5 -0.5 0
    0.5 -0.800000012 0
    1 -0.5 0
    1.10000002 -0.800000012 0
    1.5 -0.5 0
    1.5 -1.5 0
    1.10000002 -1.14899004 0
    1.5 -1 0
    0.25 -0.600000024 0
    -2.98022997e-007 -0.600000024 0
    1.5 -1.75 0
    0.25 -0.5 0
    1 -0.300000012 0
    0.5 -0.300000012 0
    1.70000005 -1.5 0
    1.70000005 -1 0
  faces 26
    0 1 2 1 0 1 2 1
    3 2 1 1 3 2 1 1
    2 3 4 1 2 3 4 1
    5 4 3 1 5 4 3 1
    6 7 5 1 6 7 5 1
    5 7 4 1 5 7 4 1
    8 0 9 1 8 0 9 1
    2 9 0 1 2 9 0 1
    10 11 12 1 10 11 12 1
    13 12 11 1 13 12 11 1
    12 13 14 1 12 13 14 1
    4 15 16 1 4 15 16 1
    17 16 15 1 17 16 15 1
    16 17 13 1 16 17 13 1
    14 13 17 1 14 13 17 1
    18 8 11 1 18 8 11 1
    8 18 19 1 8 18 19 1
    9 11 8 1 9 11 8 1
    20 15 7 1 20 15 7 1
    4 7 15 1 4 7 15 1
    18 11 21 1 18 11 21 1
    10 21 11 1 10 21 11 1
    10 12 22 1 10 12 22 1
    22 23 10 1 22 23 10 1
    17 15 24 1 17 15 24 1
    24 25 17 1 24 25 17 1
  position -0.75 -0.75 0
  orientation 0 0 0 0
  alpha 1
  scale 1
  setfillumcolor 0 0 0
endnode
node aabb Line21
  parent TDS01_A01_02
  #part-number 35
  ambient 0.200000003 0.200000003 0.200000003
  diffuse 0.800000012 0.800000012 0.800000012
  specular 0 0 0
  shininess 1
  shadow 0
  transparencyhint 0
  bitmap NULL
  verts 41
    -4.01000023 1.26999998 -0.980000019
    -3.8900001 2 -0.980000019
    -5 2 -0.980000019
    -5 -5 -0.980000019
    -2.48000002 -2.49000001 -0.980000019
    -3.1400001 0.839999974 -0.99000001
    0.340000004 0.810000002 -1.01999998
    -2.33999991 -2.30999994 -1.02999997
    0.340000004 -2.30999994 -1.01999998
    2.5 0 -0.980000019
    0.50999999 1 -0.980000019
    0.5 -2.49000001 -0.980000019
    0 2.5 -0.980000019
    0 3.5 -0.980000019
    -2.5 3.5 -0.980000019
    -2.5 2.5 -0.980000019
    2.5 2.5 -0.980000019
    3.5 -2.5 -0.980000019
    3.5 0 -0.980000019
    2.5 -2.5 -0.980000019
    -2.33999991 0.810000002 -1.02999997
    -2.49000001 1.00999999 -0.99000001
    -3.8900001 2 1.01999998
    -5 2 1.01999998
    2 -5 1.01999998
    2 -3.75 1.01999998
    2 -3.75 -0.980000019
    2 -5 -0.980000019
    0 2.5 1.01999998
    0 3.5 1.01999998
    -2.5 3.5 1.01999998
    -2.5 2.5 1.01999998
    2.5 0 1.01999998
    2.5 2.5 1.01999998
    2.5 0.879999995 -0.980000019
    3.5 -2.5 1.01999998
    3.5 0 1.01999998
    2.5 -2.5 1.01999998
    5 -5 1.01999998
    5 5 1.01999998
    -5 5 1.01999998
  faces 72
    0 1 2 1 0 0 0 4
    0 2 3 1 0 0 0 4
    4 5 3 1 0 0 0 4
    5 0 3 1 0 0 0 4
    6 7 8 1 0 0 0 11
    9 10 11 1 0 0 0 4
    12 13 14 1 0 0 0 7
    12 14 15 1 0 0 0 7
    10 16 12 1 0 0 0 7
    17 18 9 1 0 0 0 7
    19 17 9 1 0 0 0 7
    9 11 19 1 0 0 0 4
    6 20 7 1 0 0 0 11
    21 15 0 2 0 0 0 7
    5 21 0 4 0 0 0 7
    0 15 1 8 0 0 0 7
    22 23 2 1 0 0 0 2
    2 1 22 1 0 0 0 2
    24 25 26 1 0 0 0 2
    26 27 24 1 0 0 0 2
    28 29 13 1 0 0 0 2
    13 12 28 1 0 0 0 2
    29 30 14 1 0 0 0 2
    14 13 29 1 0 0 0 2
    30 31 15 1 0 0 0 2
    15 14 30 1 0 0 0 2
    32 33 16 1 0 0 0 2
    16 34 32 1 0 0 0 2
    33 28 12 1 0 0 0 2
    12 16 33 1 0 0 0 2
    35 36 18 1 0 0 0 2
    18 17 35 1 0 0 0 2
    36 32 9 1 0 0 0 2
    9 18 36 1 0 0 0 2
    37 35 17 1 0 0 0 2
    17 19 37 1 0 0 0 2
    25 37 19 1 0 0 0 2
    19 26 25 1 0 0 0 2
    31 22 1 4 0 0 0 2
    1 15 31 4 0 0 0 2
    25 24 38 1 0 0 0 2
    36 35 38 1 0 0 0 2
    35 37 38 1 0 0 0 2
    37 25 38 1 0 0 0 2
    33 32 39 1 0 0 0 2
    32 36 39 1 0 0 0 2
    36 38 39 1 0 0 0 2
    29 28 39 1 0 0 0 2
    30 29 39 1 0 0 0 2
    28 33 39 1 0 0 0 2
    23 22 40 1 0 0 0 2
    31 30 40 1 0 0 0 2
    22 31 40 1 0 0 0 2
    30 39 40 1 0 0 0 2
    10 34 16 1 0 0 0 7
    15 21 12 1 0 0 0 7
    11 27 26 1 0 0 0 4
    19 11 26 1 0 0 0 4
    11 4 27 1 0 0 0 4
    27 4 3 1 0 0 0 4
    21 5 4 1 0 0 0 4
    12 21 10 1 0 0 0 7
    4 11 8 2 0 0 0 4
    8 7 4 4 0 0 0 4
    11 10 6 4 0 0 0 4
    6 8 11 8 0 0 0 4
    10 21 20 8 0 0 0 4
    20 6 10 2 0 0 0 4
    21 4 7 16 0 0 0 4
    7 20 21 32 0 0 0 4
    10 9 34 1 0 0 0 4
    34 9 32 1 0 0 0 2
  aabb -5 -5 -1.02999997 5 5 1.01999998 -1
        -5 -5 -1.02999997 5 5 1.01999998 -1
         -5 -5 -1.02999997 5 0.839999974 1.01999998 -1
          -5 -5 -1.02999997 2.5 0.839999974 1.01999998 -1
           -5 -5 -1.02999997 2 0.839999974 -0.980000019 -1
            -5 -5 -0.99000001 2 0.839999974 -0.980000019 -1
             -5 -5 -0.99000001 -2.48000002 0.839999974 -0.980000019 2
             -5 -5 -0.980000019 2 -2.49000001 -0.980000019 59
            -2.48000002 -2.49000001 -1.02999997 0.5 -2.30999994 -0.980000019 -1
             -2.48000002 -2.49000001 -1.02999997 0.340000004 -2.30999994 -0.980000019 63
             -2.48000002 -2.49000001 -1.01999998 0.5 -2.30999994 -0.980000019 62
           -2.48000002 -5 -0.980000019 2.5 -2.49000001 1.01999998 -1
            -2.48000002 -5 -0.980000019 2 -2.49000001 -0.980000019 -1
             -2.48000002 -5 -0.980000019 2 -2.49000001 -0.980000019 58
             0.5 -5 -0.980000019 2 -2.49000001 -0.980000019 56
            0.5 -5 -0.980000019 2.5 -2.49000001 1.01999998 -1
             2 -5 -0.980000019 2 -3.75 1.01999998 19
             0.5 -5 -0.980000019 2.5 -2.49000001 1.01999998 -1
              2 -5 -0.980000019 2 -3.75 1.01999998 18
              0.5 -3.75 -0.980000019 2.5 -2.49000001 -0.980000019 57
          2 -5 -0.980000019 5 0 1.01999998 -1
           2 -5 -0.980000019 5 -2.5 1.01999998 -1
            2 -5 -0.980000019 5 -2.5 1.01999998 -1
             2 -3.75 -0.980000019 2.5 -2.5 1.01999998 37
             2 -5 1.01999998 5 -3.75 1.01999998 40
            2 -5 1.01999998 5 -2.5 1.01999998 -1
             2 -5 1.01999998 5 -2.5 1.01999998 43
             2.5 -5 1.01999998 5 -2.5 1.01999998 42
           2 -5 -0.980000019 5 0 1.01999998 -1
            2 -3.75 -0.980000019 3.5 -2.5 1.01999998 -1
             2.5 -2.5 -0.980000019 3.5 -2.5 1.01999998 35
             2 -3.75 -0.980000019 2.5 -2.5 1.01999998 36
            2.5 -5 -0.980000019 5 0 1.01999998 -1
             2.5 -2.5 -0.980000019 3.5 -2.5 1.01999998 34
             3.5 -5 -0.980000019 5 0 1.01999998 -1
              3.5 -5 1.01999998 5 0 1.01999998 41
              3.5 -2.5 -0.980000019 3.5 0 1.01999998 31
         -5 -5 -1.02999997 5 5 1.01999998 -1
          -5 -5 -1.02999997 3.5 2 1.01999998 -1
           -5 -5 -1.02999997 0.340000004 2 -0.980000019 -1
            -2.49000001 -2.49000001 -1.02999997 0.340000004 1.00999999 -0.980000019 -1
             -2.33999991 -2.30999994 -1.02999997 0.340000004 0.810000002 -1.01999998 4
             -2.49000001 -2.49000001 -1.02999997 -2.33999991 1.00999999 -0.980000019 68
            -5 -5 -0.99000001 -3.1400001 2 -0.980000019 -1
             -5 -5 -0.99000001 -3.1400001 1.26999998 -0.980000019 3
             -5 -5 -0.980000019 -4.01000023 2 -0.980000019 1
           0.340000004 -2.5 -1.01999998 3.5 0.810000002 1.01999998 -1
            0.5 -2.5 -0.980000019 3.5 0 -0.980000019 -1
             0.5 -2.5 -0.980000019 2.5 0 -0.980000019 11
             2.5 -2.5 -0.980000019 3.5 0 -0.980000019 10
            0.340000004 -2.5 -1.01999998 3.5 0.810000002 1.01999998 -1
             0.340000004 -2.49000001 -1.01999998 0.5 0.810000002 -0.980000019 65
             2.5 -2.5 -0.980000019 3.5 0 1.01999998 -1
              2.5 -2.5 -0.980000019 3.5 0 -0.980000019 9
              3.5 -2.5 -0.980000019 3.5 0 1.01999998 30
          -3.1400001 -5 -1.02999997 5 5 1.01999998 -1
           -3.1400001 -2.49000001 -1.02999997 2.5 1.00999999 -0.980000019 -1
            -3.1400001 -2.49000001 -1.02999997 0.340000004 1.00999999 -0.980000019 -1
             -2.33999991 -2.30999994 -1.02999997 0.340000004 0.810000002 -1.01999998 12
             -3.1400001 -2.49000001 -0.99000001 -2.48000002 1.00999999 -0.980000019 60
            0.340000004 -2.49000001 -1.01999998 2.5 1 -0.980000019 -1
             0.5 -2.49000001 -0.980000019 2.5 1 -0.980000019 5
             0.340000004 -2.49000001 -1.01999998 0.50999999 1 -0.980000019 64
           -2.49000001 -5 -1.02999997 5 5 1.01999998 -1
            -2.49000001 -2.30999994 -1.02999997 3.5 1.00999999 1.01999998 -1
             -2.49000001 -2.30999994 -1.02999997 -2.33999991 1.00999999 -0.99000001 69
             2.5 0 -0.980000019 3.5 0 1.01999998 32
            2.5 -5 -0.980000019 5 5 1.01999998 -1
             2.5 0 -0.980000019 3.5 0 1.01999998 33
             2.5 -5 -0.980000019 5 5 1.01999998 -1
              3.5 -5 1.01999998 5 5 1.01999998 46
              2.5 0 -0.980000019 2.5 0.879999995 1.01999998 71
        -5 0 -1.02999997 5 5 1.01999998 -1
         -5 0.810000002 -1.02999997 5 5 1.01999998 -1
          -5 0.839999974 -0.99000001 -2.49000001 5 1.01999998 -1
           -5 0.839999974 -0.99000001 -2.49000001 2.5 1.01999998 -1
            -5 1.26999998 -0.980000019 -3.8900001 2 1.01999998 -1
             -5 1.26999998 -0.980000019 -3.8900001 2 -0.980000019 0
             -5 2 -0.980000019 -3.8900001 2 1.01999998 17
            -4.01000023 0.839999974 -0.99000001 -2.49000001 2.5 -0.980000019 -1
             -4.01000023 0.839999974 -0.99000001 -2.49000001 1.26999998 -0.980000019 14
             -4.01000023 1.26999998 -0.980000019 -2.5 2.5 -0.980000019 15
           -5 2 -0.980000019 -2.5 5 1.01999998 -1
            -5 2 -0.980000019 -2.5 2.5 1.01999998 -1
             -5 2 -0.980000019 -3.8900001 2 1.01999998 16
             -3.8900001 2 -0.980000019 -2.5 2.5 1.01999998 38
            -5 2 1.01999998 -2.5 5 1.01999998 -1
             -5 2 1.01999998 -3.8900001 5 1.01999998 50
             -5 2 1.01999998 -2.5 5 1.01999998 -1
              -5 2 1.01999998 -2.5 5 1.01999998 52
              -5 2.5 1.01999998 -2.5 5 1.01999998 51
          -5 0.810000002 -1.02999997 5 5 1.01999998 -1
           -4.01000023 1.00999999 -0.99000001 -2.49000001 3.5 1.01999998 -1
            -4.01000023 1.00999999 -0.99000001 -2.49000001 2.5 1.01999998 -1
             -4.01000023 1.00999999 -0.99000001 -2.49000001 2.5 -0.980000019 13
             -3.8900001 2 -0.980000019 -2.5 2.5 1.01999998 39
            -2.5 2.5 -0.980000019 -2.5 3.5 1.01999998 -1
             -2.5 2.5 -0.980000019 -2.5 3.5 1.01999998 25
             -2.5 2.5 -0.980000019 -2.5 3.5 1.01999998 24
           -5 0.810000002 -1.02999997 5 5 1.01999998 -1
            -2.5 2.5 -0.980000019 0 3.5 1.01999998 -1
             -2.5 2.5 -0.980000019 0 3.5 -0.980000019 7
             -2.5 3.5 -0.980000019 0 3.5 1.01999998 22
            -5 0.810000002 -1.02999997 5 5 1.01999998 -1
             -2.5 1.00999999 -0.99000001 0 2.5 -0.980000019 55
             -5 0.810000002 -1.02999997 5 5 1.01999998 -1
              -2.49000001 0.810000002 -1.02999997 0.50999999 1.00999999 -0.980000019 66
              -5 3.5 1.01999998 5 5 1.01999998 53
         -2.5 0 -1.02999997 5 5 1.01999998 -1
          -2.5 0.810000002 -1.02999997 5 5 1.01999998 -1
           -2.5 0.810000002 -1.02999997 0.50999999 3.5 1.01999998 -1
            -2.5 2.5 -0.980000019 0 3.5 1.01999998 -1
             -2.5 3.5 -0.980000019 0 3.5 1.01999998 23
             -2.5 2.5 -0.980000019 0 3.5 -0.980000019 6
            -2.49000001 0.810000002 -1.02999997 0.50999999 2.5 -0.980000019 -1
             -2.49000001 1 -0.99000001 0.50999999 2.5 -0.980000019 61
             -2.33999991 0.810000002 -1.02999997 0.50999999 1 -0.980000019 67
           -2.5 1 -0.980000019 5 5 1.01999998 -1
            0 2.5 -0.980000019 0 3.5 1.01999998 -1
             0 2.5 -0.980000019 0 3.5 1.01999998 21
             0 2.5 -0.980000019 0 3.5 1.01999998 20
            -2.5 1 -0.980000019 5 5 1.01999998 -1
             -2.5 3.5 1.01999998 5 5 1.01999998 48
             0 1 -0.980000019 2.5 2.5 1.01999998 -1
              0 2.5 -0.980000019 2.5 2.5 1.01999998 28
              0 1 -0.980000019 2.5 2.5 -0.980000019 8
          0 0 -0.980000019 5 5 1.01999998 -1
           0.50999999 0 -0.980000019 2.5 2.5 1.01999998 -1
            0.50999999 0 -0.980000019 2.5 2.5 1.01999998 -1
             0.50999999 0 -0.980000019 2.5 1 -0.980000019 70
             2.5 0 -0.980000019 2.5 2.5 1.01999998 27
            0.50999999 0 -0.980000019 2.5 2.5 1.01999998 -1
             0.50999999 0.879999995 -0.980000019 2.5 2.5 -0.980000019 54
             2.5 0 -0.980000019 2.5 2.5 1.01999998 26
           0 0 -0.980000019 5 5 1.01999998 -1
            0 0 -0.980000019 5 5 1.01999998 -1
             2.5 0 1.01999998 5 5 1.01999998 45
             0 2.5 -0.980000019 2.5 2.5 1.01999998 29
            0 0 1.01999998 5 5 1.01999998 -1
             2.5 0 1.01999998 5 5 1.01999998 44
             0 2.5 1.01999998 5 5 1.01999998 -1
              0 2.5 1.01999998 5 5 1.01999998 47
              0 2.5 1.01999998 5 5 1.01999998 49
  position 0 0 0.980000019
  orientation 0 0 0 0
endnode
node dummy TDS01_A01_02a
  parent TDS01_A01_02
  #part-number 36
  position 0 0 0
  orientation 0 0 0 0
endnode
node emitter steam_02
  parent TDS01_A01_02a
  #part-number 37
  p2p 0
  p2p_sel 1
  affectedByWind 0
  m_isTinted 0
  bounce 0
  random 0
  inherit 1
  inheritvel 0
  inherit_local 0
  splat 0
  inherit_part 0
  renderorder 0
  spawntype 0
  update Fountain
  render Normal
  blend Lighten
  texture fxpa_Smoke01a
  xgrid 4
  ygrid 4
  loop 0
  deadspace 0
  twosidedtex 0
  blastRadius 0
  blastLength 0
  position -2.98984003 1.77032995 1.77716005
  orientation 0.0241496004 -0.999091029 -0.035126701 -1.86896002
  colorStart 0.650979996 0.647059023 0.545098007
  colorEnd 0 0 0
  alphaStart 0
  alphaEnd 0.400000006
  sizeStart 0
  sizeEnd 1
  sizeStart_y 0
  sizeEnd_y 0
  frameStart 0
  frameEnd 24
  birthrate 0
  lifeExp 2
  mass -0.0399999991
  spread 0.523599029
  particleRot 0
  velocity 1
  randvel 0.5
  fps 15
  xsize 0
  ysize 0
  bounce_co 0
  blurlength 10
  lightningDelay 0
  lightningRadius 0
  lightningScale 0
  p2p_bezier2 0
  p2p_bezier3 0
  combinetime 0
  drag 0
  grav 0
  threshold 0
endnode
node trimesh Plane37
  parent TDS01_A01_02a
  #part-number 38
  ambient 1 1 1
  diffuse 1 1 1
  specular 0 0 0
  shininess 1
  shadow 0
  transparencyhint 1
  bitmap TDS01_water01
  verts 4
    -2.5 1 0.0199999996
    -2.50999999 -2.46000004 0.00999999978
    0.5 1 0.0199999996
    0.5 -2.5 0.0199999996
  tverts 4
    0.0514131002 1.02499998 0
    0.0485859998 -0.0142221004 0
    0.951413989 1.02499998 0
    0.951413989 -0.0250006001 0
  faces 2
    0 1 2 1 0 1 2 1
    3 2 1 1 3 2 1 1
  position 0 0 -0.0399999991
  orientation 0 0 0 0
  alpha 1
  scale 1
  setfillumcolor 0 0 0
endnode
endmodelgeom TDS01_A01_02

#MAXANIM ASCII
newanim animloop01 TDS01_A01_02
  length 0.0333333015
  transtime 0.25
  animroot TDS01_A01_02
node dummy TDS01_A01_02
  parent NULL
  #part-number 0
endnode
node light TDS01_A01_02ml2
  parent TDS01_A01_02
  #part-number 1
endnode
node light TDS01_A01_02ml1
  parent TDS01_A01_02
  #part-number 2
endnode
node dummy TDSmesh0994
  parent TDS01_A01_02
  #part-number 3
endnode
node dummy Cylinder177
  parent TDS01_A01_02
  #part-number 4
endnode
node trimesh Plane39
  parent TDS01_A01_02
  #part-number 5
  ambient 0.200000003 0.200000003 0.200000003
  diffuse 0.800000012 0.800000012 0.800000012
  specular 0 0 0
  shininess 1
endnode
node dummy Mesh291
  parent TDS01_A01_02
  #part-number 6
endnode
node trimesh Plane45
  parent TDS01_A01_02
  #part-number 7
  ambient 0.200000003 0.200000003 0.200000003
  diffuse 0.800000012 0.800000012 0.800000012
  specular 0 0 0
  shininess 1
endnode
node dummy Cylinder176
  parent TDS01_A01_02
  #part-number 8
endnode
node dummy TDSmesh0995
  parent TDS01_A01_02
  #part-number 9
endnode
node dummy TDSmesh0999
  parent TDS01_A01_02
  #part-number 10
endnode
node dummy TDSmesh1000
  parent TDS01_A01_02
  #part-number 11
endnode
node dummy Object189
  parent TDS01_A01_02
  #part-number 12
endnode
node dummy Mesh335
  parent TDS01_A01_02
  #part-number 13
endnode
node dummy Object192
  parent TDS01_A01_02
  #part-number 14
endnode
node dummy Cylinder178
  parent TDS01_A01_02
  #part-number 15
endnode
node dummy TDSmesh0996
  parent TDS01_A01_02
  #part-number 16
endnode
node dummy Mesh288
  parent TDS01_A01_02
  #part-number 17
endnode
node dummy Object191
  parent TDS01_A01_02
  #part-number 18
endnode
node dummy Loft40
  parent TDS01_A01_02
  #part-number 19
endnode
node dummy Object190
  parent TDS01_A01_02
  #part-number 20
endnode
node dummy TDSmesh1008
  parent TDS01_A01_02
  #part-number 21
endnode
node dummy Object364
  parent TDS01_A01_02
  #part-number 22
endnode
node dummy TDSmesh1009
  parent TDS01_A01_02
  #part-number 23
endnode
node dummy Object360
  parent TDS01_A01_02
  #part-number 24
endnode
node dummy Object361
  parent TDS01_A01_02
  #part-number 25
endnode
node dummy Object362
  parent TDS01_A01_02
  #part-number 26
endnode
node dummy Object363
  parent TDS01_A01_02
  #part-number 27
endnode
node dummy Object365
  parent TDS01_A01_02
  #part-number 28
endnode
node trimesh Plane41
  parent TDS01_A01_02
  #part-number 29
  ambient 0.200000003 0.200000003 0.200000003
  diffuse 0.800000012 0.800000012 0.800000012
  specular 0 0 0
  shininess 1
endnode
node trimesh Plane38
  parent TDS01_A01_02
  #part-number 30
  ambient 0.200000003 0.200000003 0.200000003
  diffuse 0.800000012 0.800000012 0.800000012
  specular 0 0 0
  shininess 1
endnode
node dummy Object358
  parent TDS01_A01_02
  #part-number 31
endnode
node dummy TDSmesh1334
  parent TDS01_A01_02
  #part-number 32
endnode
node trimesh Mesh107
  parent TDS01_A01_02
  #part-number 33
  ambient 0.200000003 0.200000003 0.200000003
  diffuse 0.800000012 0.800000012 0.800000012
  specular 0 0 0
  shininess 1
endnode
node trimesh TDSmesh1006
  parent TDS01_A01_02
  #part-number 34
  ambient 0.200000003 0.200000003 0.200000003
  diffuse 0.800000012 0.800000012 0.800000012
  specular 0 0 0
  shininess 1
endnode
node dummy Line21
  parent TDS01_A01_02
  #part-number 35
endnode
node dummy TDS01_A01_02a
  parent TDS01_A01_02
  #part-number 36
endnode
node emitter steam_02
  parent TDS01_A01_02a
  #part-number 37
  birthratekey 2
    0 30
    0.0333333015 30
endnode
node trimesh Plane37
  parent TDS01_A01_02a
  #part-number 38
  ambient 0.200000003 0.200000003 0.200000003
  diffuse 0.800000012 0.800000012 0.800000012
  specular 0 0 0
  shininess 1
endnode
doneanim animloop01 TDS01_A01_02

#MAXANIM ASCII
newanim tiledefault TDS01_A01_02
  length 0
  transtime 0
  animroot TDS01_A01_02
node dummy TDS01_A01_02
  parent NULL
  #part-number 0
endnode
node light TDS01_A01_02ml2
  parent TDS01_A01_02
  #part-number 1
endnode
node light TDS01_A01_02ml1
  parent TDS01_A01_02
  #part-number 2
endnode
node dummy TDSmesh0994
  parent TDS01_A01_02
  #part-number 3
endnode
node dummy Cylinder177
  parent TDS01_A01_02
  #part-number 4
endnode
node trimesh Plane39
  parent TDS01_A01_02
  #part-number 5
  ambient 0.200000003 0.200000003 0.200000003
  diffuse 0.800000012 0.800000012 0.800000012
  specular 0 0 0
  shininess 1
endnode
node dummy Mesh291
  parent TDS01_A01_02
  #part-number 6
endnode
node trimesh Plane45
  parent TDS01_A01_02
  #part-number 7
  ambient 0.200000003 0.200000003 0.200000003
  diffuse 0.800000012 0.800000012 0.800000012
  specular 0 0 0
  shininess 1
endnode
node dummy Cylinder176
  parent TDS01_A01_02
  #part-number 8
endnode
node dummy TDSmesh0995
  parent TDS01_A01_02
  #part-number 9
endnode
node dummy TDSmesh0999
  parent TDS01_A01_02
  #part-number 10
endnode
node dummy TDSmesh1000
  parent TDS01_A01_02
  #part-number 11
endnode
node dummy Object189
  parent TDS01_A01_02
  #part-number 12
endnode
node dummy Mesh335
  parent TDS01_A01_02
  #part-number 13
endnode
node dummy Object192
  parent TDS01_A01_02
  #part-number 14
endnode
node dummy Cylinder178
  parent TDS01_A01_02
  #part-number 15
endnode
node dummy TDSmesh0996
  parent TDS01_A01_02
  #part-number 16
endnode
node dummy Mesh288
  parent TDS01_A01_02
  #part-number 17
endnode
node dummy Object191
  parent TDS01_A01_02
  #part-number 18
endnode
node dummy Loft40
  parent TDS01_A01_02
  #part-number 19
endnode
node dummy Object190
  parent TDS01_A01_02
  #part-number 20
endnode
node dummy TDSmesh1008
  parent TDS01_A01_02
  #part-number 21
endnode
node dummy Object364
  parent TDS01_A01_02
  #part-number 22
endnode
node dummy TDSmesh1009
  parent TDS01_A01_02
  #part-number 23
endnode
node dummy Object360
  parent TDS01_A01_02
  #part-number 24
endnode
node dummy Object361
  parent TDS01_A01_02
  #part-number 25
endnode
node dummy Object362
  parent TDS01_A01_02
  #part-number 26
endnode
node dummy Object363
  parent TDS01_A01_02
  #part-number 27
endnode
node dummy Object365
  parent TDS01_A01_02
  #part-number 28
endnode
node trimesh Plane41
  parent TDS01_A01_02
  #part-number 29
  ambient 0.200000003 0.200000003 0.200000003
  diffuse 0.800000012 0.800000012 0.800000012
  specular 0 0 0
  shininess 1
endnode
node trimesh Plane38
  parent TDS01_A01_02
  #part-number 30
  ambient 0.200000003 0.200000003 0.200000003
  diffuse 0.800000012 0.800000012 0.800000012
  specular 0 0 0
  shininess 1
endnode
node dummy Object358
  parent TDS01_A01_02
  #part-number 31
endnode
node dummy TDSmesh1334
  parent TDS01_A01_02
  #part-number 32
endnode
node trimesh Mesh107
  parent TDS01_A01_02
  #part-number 33
  ambient 0.200000003 0.200000003 0.200000003
  diffuse 0.800000012 0.800000012 0.800000012
  specular 0 0 0
  shininess 1
endnode
node trimesh TDSmesh1006
  parent TDS01_A01_02
  #part-number 34
  ambient 0.200000003 0.200000003 0.200000003
  diffuse 0.800000012 0.800000012 0.800000012
  specular 0 0 0
  shininess 1
endnode
node dummy Line21
  parent TDS01_A01_02
  #part-number 35
endnode
node dummy TDS01_A01_02a
  parent TDS01_A01_02
  #part-number 36
endnode
node emitter steam_02
  parent TDS01_A01_02a
  #part-number 37
  birthrate 0
endnode
node trimesh Plane37
  parent TDS01_A01_02a
  #part-number 38
  ambient 0.200000003 0.200000003 0.200000003
  diffuse 0.800000012 0.800000012 0.800000012
  specular 0 0 0
  shininess 1
endnode
doneanim tiledefault TDS01_A01_02

donemodel TDS01_A01_02
